REFERENCES: "M. A. Green and M. J. Keevers. Optical properties of intrinsic silicon at 300 K, <a href=\"http://dx.doi.org/10.1002/pip.4670030303\"><i>Progress in photovoltaics</i> <b>3</b>, 189-192 (1995)</a>"
        0.25 1.694 3.666
        0.26 1.800 4.072
        0.27 2.129 4.690
        0.28 3.052 5.258
        0.29 4.426 5.160
        0.30 5.055 4.128
        0.31 5.074 3.559
        0.32 5.102 3.269
        0.33 5.179 3.085
        0.34 5.293 2.951
        0.35 5.483 2.904
        0.36 6.014 2.912
        0.37 6.863 2.051
        0.38 6.548 0.885
        0.39 5.976 0.465
        0.40 5.587 0.303
        0.41 5.305 0.220
        0.42 5.091 0.167
        0.43 4.925 0.134
        0.44 4.793 0.109
        0.45 4.676 0.091
        0.46 4.577 0.077
        0.47 4.491 0.064
        0.48 4.416 0.057
        0.49 4.348 0.050
        0.50 4.293 0.045
        0.51 4.239 0.039
        0.52 4.192 0.036
        0.53 4.150 0.033
        0.54 4.110 0.030
        0.55 4.077 0.028
        0.56 4.044 0.026
        0.57 4.015 0.024
        0.58 3.986 0.023
        0.59 3.962 0.021
        0.60 3.939 0.020
        0.61 3.916 0.018
        0.62 3.895 0.017
        0.63 3.879 0.016
        0.64 3.861 0.015
        0.65 3.844 0.015
        0.66 3.830 0.014
        0.67 3.815 0.013
        0.68 3.800 0.012
        0.69 3.787 0.011
        0.70 3.774 0.011
        0.71 3.762 0.011
        0.72 3.751 0.010
        0.73 3.741 0.009
        0.74 3.732 0.008
        0.75 3.723 0.008
        0.76 3.714 0.007
        0.77 3.705 0.007
        0.78 3.696 0.006
        0.79 3.688 0.006
        0.80 3.681 0.005
        0.81 3.674 0.005
        0.82 3.668 0.005
        0.83 3.662 0.004
        0.84 3.656 0.004
        0.85 3.650 0.004
        0.86 3.644 0.003
        0.87 3.638 0.003
        0.88 3.632 0.003
        0.89 3.626 0.002
        0.90 3.620 0.002
        0.91 3.614 0.002
        0.92 3.608 0.002
        0.93 3.602 0.002
        0.94 3.597 0.001
        0.95 3.592 0.001
        0.96 3.587 0.001
        0.97 3.582 0.001
        0.98 3.578 0.001
        0.99 3.574 0.001
        1.00 3.570 0.001
  
